,_del_t,_dir_mu,_dir_sigma,_len_mu_norm,_len_sigma_norm,_significance
2015-09-16 07:06:42.370,12.4,-84.8907354616,6.80168771263,1.44695958784,0.193836150631,0.744563068406
2015-09-16 07:06:54.770,3.85,-84.8859319593,11.4619679388,1.51950749484,0.416056707308,0.424094025465
2015-09-16 07:06:58.620,3.86,-92.5951639581,19.9472235145,1.1640867421,0.420354468835,0.336078431373
2015-09-16 07:07:02.480,3.85,-82.5604045138,28.1252875137,1.39030307918,0.443955768238,0.532561788937
2015-09-16 07:07:06.330,4.02,-78.613749573,18.4517845381,1.36481256627,0.408290274701,0.425113166699
2015-09-16 07:07:10.350,4.02,-82.1870443713,16.398810101,1.22157009087,0.355839907233,0.40344281757
2015-09-16 07:07:14.370,4.03,-89.2021337249,19.9381251171,1.19143538085,0.345144171277,0.415268941585
2015-09-16 07:07:18.400,3.93,-85.1202345741,21.6178123738,1.11585767518,0.326115878787,0.332571428571
2015-09-16 07:07:22.330,4.02,-91.802062253,11.7074666815,1.22909012125,0.387104352315,0.386127386127
2015-09-16 07:07:26.350,4.03,-94.9116090804,16.1490190946,1.1103960184,0.31616329851,0.357528382654
2015-09-16 07:07:30.380,5.94,-83.9665066823,12.2694261185,1.3044876683,0.197097348043,0.701744719927
2015-09-16 07:07:36.320,4.03,-70.4393880248,33.5721555068,1.15205395606,0.335884301302,0.524333395488
2015-09-16 07:07:40.350,4.02,-74.8683471762,27.0038201556,1.12308850929,0.373752407767,0.459739263804
2015-09-16 07:07:44.370,4.02,-80.6884150955,23.9250857993,1.15386040057,0.389860607498,0.406244051018
2015-09-16 07:07:48.390,3.94,-86.7694293705,23.2138758099,1.21785505169,0.411221581667,0.589204545455
2015-09-16 07:07:52.330,4.02,-89.3632755232,16.221851172,1.17389301756,0.345997045289,0.471485790578
2015-09-16 07:07:56.350,4.02,-88.9674938229,23.0974255308,1.23909575429,0.350791393821,0.544340164719
2015-09-16 07:08:00.370,4.02,-82.6702196365,12.4314702831,1.373997731,0.360606351302,0.546382013981
2015-09-16 07:08:04.390,3.94,-89.9961513484,18.2963162556,1.32935252892,0.378823189566,0.54759624593
2015-09-16 07:08:08.330,4.02,-89.5943564626,13.6758276757,1.20655719321,0.351956442221,0.427211424038
2015-09-16 07:08:12.350,5.61,-88.4775767419,19.8764081414,1.50911497772,0.418086910418,0.785189846864
2015-09-16 07:08:17.960,3.85,-96.3120092976,22.9296181688,1.09090458263,0.36006602374,0.368887927304
2015-09-16 07:08:21.810,3.94,-90.9047754709,12.0581187014,1.36699277132,0.351790153436,0.40008716496
2015-09-16 07:08:25.750,3.86,-87.3045901064,12.0652688078,1.34397133644,0.43369154856,0.245808839538
2015-09-16 07:08:29.610,3.93,-90.2112936929,22.678574166,1.17107384077,0.405503259664,0.377568867512
2015-09-16 07:08:33.540,3.94,-82.1777848094,30.9919877343,1.12274697589,0.326257036422,0.488185465894
2015-09-16 07:08:37.480,3.85,-96.4828581901,14.2299337089,1.25375252265,0.349089108504,0.426354793886
2015-09-16 07:08:41.330,4.03,-103.735735055,22.5897925942,1.1579108889,0.344533867043,0.480879322189
2015-09-16 07:08:45.360,4.02,-89.536888849,14.2541319488,1.22015998138,0.338715374173,0.337385321101
2015-09-16 07:08:49.380,3.93,-88.4151319399,21.9487918806,1.44695544061,0.396448328295,0.537239089184
2015-09-16 07:08:53.310,6.04,-87.5582819092,12.0585214585,1.37596509315,0.242533312728,0.74569879802
2015-09-16 07:08:59.350,4.02,-91.0670923765,13.3842096155,1.0152074235,0.363030599717,0.484192607004
2015-09-16 07:09:03.370,4.02,-79.8285485677,20.3559085888,1.07456261839,0.36682412399,0.386092876246
2015-09-16 07:09:07.390,3.94,-92.235609998,13.69187882,1.13177928828,0.360302604395,0.226558664703
2015-09-16 07:09:11.330,4.02,-107.793302191,26.6666680642,1.06457762457,0.356360217232,0.358015457492
2015-09-16 07:09:15.350,4.02,-93.8225294276,18.400260647,1.157942696,0.29180465053,0.400556680162
2015-09-16 07:09:19.370,4.02,-90.7603629677,13.8968199228,1.49918183758,0.610434415922,0.54132231405
2015-09-16 07:09:23.390,3.94,-94.0760575012,23.1479229526,1.33945288392,0.443565966514,0.325908858167
2015-09-16 07:09:27.330,4.02,-92.9481581273,19.7313883265,1.00124665161,0.387822454842,0.314704421262
2015-09-16 07:09:31.350,4.02,-92.3898298522,16.5751316808,1.09557951268,0.418047080586,0.478600141878
2015-09-16 07:09:35.370,5.61,-88.7145222155,14.8626997952,1.38713697274,0.315783601819,0.799684897592
2015-09-16 07:09:40.980,3.94,-97.7954913106,13.354522334,1.09481872036,0.326019011173,0.419403959104
2015-09-16 07:09:44.920,3.85,-91.5896597459,20.7417143106,1.17498261588,0.409996107027,0.618224498506
2015-09-16 07:09:48.770,3.86,-99.0132944865,12.4195754054,1.10319117808,0.375049843072,0.387452310301
2015-09-16 07:09:52.630,3.85,-95.3639952975,23.5647880309,1.15206520279,0.341253001969,0.612100407638
2015-09-16 07:09:56.480,3.86,-97.7750319759,14.3920882392,1.024769069,0.304347338454,0.502381983543
2015-09-16 07:10:00.340,4.02,-94.266455213,11.1210843721,1.20939034135,0.401081641515,0.521964942653
2015-09-16 07:10:04.360,4.02,-95.2274774827,12.3696813281,1.08514567513,0.286864997143,0.628210616438
2015-09-16 07:10:08.380,4.02,-93.624966866,10.8180408041,1.32870128499,0.329561346206,0.622968349016
2015-09-16 07:10:12.400,3.94,-91.5162558442,20.4900425739,1.06093302596,0.301078975503,0.724721508141
2015-09-16 07:10:16.340,6.2,-94.2752208977,8.72412750594,1.30969262892,0.211648364221,0.683716965047
2015-09-16 07:10:22.540,3.85,-84.9200076567,9.82250225196,1.16499900818,0.289980281483,0.409445407279
2015-09-16 07:10:26.390,3.94,-89.9944134234,25.2442660429,1.15776800262,0.277777371673,0.511786737167
2015-09-16 07:10:30.330,4.02,-91.8799829003,10.9761429076,1.24656003506,0.337361399807,0.593345243412
2015-09-16 07:10:34.350,4.02,-95.2949154854,7.90664448557,1.3850379346,0.258945677411,0.460086422561
2015-09-16 07:10:38.370,4.02,-100.544624574,16.211102733,1.1634964255,0.330057132303,0.529819694868
2015-09-16 07:10:42.390,3.94,-92.8492178131,13.9261296866,1.50125825466,0.361663193872,0.618559104686
2015-09-16 07:10:46.330,4.02,-96.8523015199,14.8369087425,1.23316838374,0.264548217479,0.506343984962
2015-09-16 07:10:50.350,4.02,-96.9474266989,14.7837061883,1.16928335446,0.366716954245,0.501531934952
2015-09-16 07:10:54.370,4.02,-104.012596109,24.9436360299,1.26305587256,0.327207229624,0.558858221279
2015-09-16 07:10:58.390,5.95,-93.7448811384,9.46690036109,1.34090519753,0.246355353283,0.630169172932
2015-09-16 07:11:04.340,4.03,-101.613085992,19.3589458125,1.23478756945,0.364129123262,0.556683986774
2015-09-16 07:11:08.370,4.01,-98.9174527432,11.9449948661,1.26256193603,0.276032647587,0.495486935867
2015-09-16 07:11:12.380,4.03,-95.1857305498,8.9861005021,1.30015614607,0.305697935687,0.341300191205
2015-09-16 07:11:16.410,3.93,-102.256475254,18.9114155268,1.27330081153,0.382116338376,0.513872135103
2015-09-16 07:11:20.340,4.02,-95.273671699,10.3757081744,1.19016644967,0.409549000251,0.396244818337
2015-09-16 07:11:24.360,4.03,-101.851132803,15.219317146,1.18202666195,0.417852520055,0.559322033898
2015-09-16 07:11:28.390,4.02,-99.9248546415,15.7036557669,1.35431823446,0.377919276555,0.454842767296
2015-09-16 07:11:32.410,3.94,-95.3987283625,8.64445359449,1.41468241735,0.335524439207,0.28990228013
2015-09-16 07:11:36.350,4.02,-103.011422248,26.0775487017,0.979677005787,0.347162301268,0.524062816616
2015-09-16 07:11:40.370,5.53,-97.4418046363,15.4934655212,1.32346041164,0.256042993521,0.767938931298
2015-09-16 07:11:45.900,3.85,-93.1863448997,12.185314483,1.4313812999,0.442587771973,0.310832025118
2015-09-16 07:11:49.750,3.85,-109.494019716,31.1030459178,1.16667896122,0.361148691797,0.728969505783
2015-09-16 07:11:53.600,3.86,-94.9142931921,12.7823208198,1.10233954197,0.287059953176,0.429167753718
2015-09-16 07:11:57.460,3.93,-104.851366409,27.6435359804,1.22501043266,0.395310653075,0.510846560847
2015-09-16 07:12:01.390,3.94,-107.033052457,16.1015171028,1.33909210941,0.256532551673,0.766494705403
2015-09-16 07:12:05.330,4.02,-97.4505951275,16.5161588654,1.15547630917,0.398211307194,0.561077179345
2015-09-16 07:12:09.350,4.02,-99.3707154413,19.5341163226,1.08880486654,0.321935688085,0.386901327178
2015-09-16 07:12:13.370,4.03,-94.6549571901,8.90225633544,1.10561983757,0.411436664259,0.353571428571
2015-09-16 07:12:17.400,3.93,-87.0805640291,19.0310324948,1.2484219238,0.31315770768,0.54353640416
2015-09-16 07:12:21.330,6.04,-94.9084351273,9.33802939084,1.32712465248,0.182124715767,0.68723820162
2015-09-16 07:12:27.370,4.02,-91.9064301604,10.4710603425,1.1539806774,0.338657430155,0.316232356135
2015-09-16 07:12:31.390,3.93,-99.0458704446,15.6189122933,1.47132254739,0.278476146038,0.671559633028
2015-09-16 07:12:35.320,4.02,-81.7203872338,24.8386406762,1.34316332898,0.336668532879,0.723216536426
2015-09-16 07:12:39.340,4.03,-98.259825481,24.0302934081,1.4699324189,0.311209664451,0.941983630236
2015-09-16 07:12:43.370,4.02,-97.079555986,16.9233907424,1.23647137068,0.369127116986,0.569665321624
2015-09-16 07:12:47.390,3.93,-95.8265397552,15.5179274944,1.17244368594,0.302828450239,0.652011225444
2015-09-16 07:12:51.320,4.03,-91.7156013001,12.4065143733,1.3302805406,0.340945223721,0.726154560223
2015-09-16 07:12:55.350,4.02,-90.8368753097,13.8173653094,1.36967120479,0.285818891146,0.875437368789
2015-09-16 07:12:59.370,4.02,-91.7616528102,12.3763065662,1.35264823686,0.203444767947,0.783541617543
2015-09-16 07:13:03.390,5.61,-91.0067106376,12.0406058296,1.37958254619,0.19866215354,0.879538350565
2015-09-16 07:13:09.000,3.86,-90.9951318022,17.1488102597,1.40473224956,0.199952659829,0.772898368883
2015-09-16 07:13:12.860,3.93,-95.4865342305,10.0801759757,1.40831428023,0.275591129565,0.72132006286
2015-09-16 07:13:16.790,4.02,-96.4548475089,11.2986392442,1.29128878389,0.338043769201,0.747993579454
2015-09-16 07:13:20.810,3.86,-93.5326098376,13.0456584375,1.43890702045,0.318096215243,0.714519204576
2015-09-16 07:13:24.670,3.94,-81.4342233371,12.7204728477,1.50514012061,0.306634824288,0.539473684211
2015-09-16 07:13:28.610,3.85,-90.0797628544,15.170992394,1.30752674945,0.306826969246,0.840859630033
2015-09-16 07:13:32.460,3.94,-98.2814587395,12.7060268201,1.34115848444,0.340416619015,0.632162162162
2015-09-16 07:13:36.400,3.94,-88.3212859508,14.2910878021,1.3036815043,0.342919439229,0.653451995685
2015-09-16 07:13:40.340,4.02,-88.2757536092,13.2947285335,1.30562165483,0.314914616779,0.700914470145
2015-09-16 07:13:44.360,5.61,-90.906488506,14.2597763097,1.46849678162,0.207103701199,0.884726984964
2015-09-16 07:13:49.970,4.36,-91.6771828482,13.1011941288,1.39785458189,0.35914010411,0.693166710981
2015-09-16 07:13:54.330,4.02,-103.66158722,8.47467049494,1.36218747096,0.186068205098,0.373772232546
2015-09-16 07:13:58.350,4.02,-86.379012137,24.7966805297,1.21932682113,0.298902496177,0.677359978964
2015-09-16 07:14:02.370,4.02,-95.9749270519,20.0455376617,1.31139684079,0.327930491955,0.618594823032
2015-09-16 07:14:06.390,4.19,-91.6888027993,19.9191986643,1.36372616297,0.346468769565,0.629100529101
2015-09-16 07:14:10.580,3.85,-97.9511122229,15.3592331057,1.38378886433,0.322336871903,0.550305282718
2015-09-16 07:14:14.430,3.94,-101.085668079,21.3389693016,1.21858083657,0.283276671686,0.522097976571
2015-09-16 07:14:18.370,4.02,-84.9230792486,11.1480246911,1.3730339743,0.31471015209,0.597423951768
2015-09-16 07:14:22.390,3.94,-96.5852458692,13.6580567,1.44478016093,0.35263844553,0.661396953147
2015-09-16 07:14:26.330,6.11,-90.0105591674,15.5182630479,1.32260143074,0.232516743743,0.883872799546
2015-09-16 07:14:32.440,3.94,-95.3535063466,13.1029729752,1.27297161799,0.350323153026,0.662170087977
2015-09-16 07:14:36.380,4.02,-89.6033027213,12.320964224,1.4918864663,0.382610844142,0.716121137963
2015-09-16 07:14:40.400,3.94,-91.9327746215,24.8693019024,1.1171206605,0.34504454148,0.465393047291
2015-09-16 07:14:44.340,4.02,-92.9940871382,19.9500375799,1.40270451408,0.315628182236,0.730561726436
2015-09-16 07:14:48.360,4.02,-92.0062431203,16.434657649,1.09636012594,0.325197604165,0.566729323308
2015-09-16 07:14:52.380,3.94,-92.1682736585,10.0208647412,1.23915720712,0.279707321661,0.414223331254
2015-09-16 07:14:56.320,4.02,-100.81823591,21.4506575824,1.16997891991,0.359174416433,0.445840813884
2015-09-16 07:15:00.340,4.02,-92.5964811119,10.0696870386,1.27797114908,0.329730759806,0.429166666667
2015-09-16 07:15:04.360,4.02,-92.8883367832,13.2415056216,1.14282802563,0.353042877729,0.483707025411
2015-09-16 07:15:08.380,5.95,-89.0674999771,12.1780395892,1.23786044722,0.200900230087,0.761804511278
2015-09-16 07:15:14.330,4.02,-89.9896091436,22.4491307731,1.34541264814,0.372697553824,0.670437175176
2015-09-16 07:15:18.350,4.03,-89.9369001033,17.5442404992,1.14096518486,0.339828117314,0.522672309553
2015-09-16 07:15:22.380,4.02,-91.4757555665,18.2415917326,1.35131285558,0.396358314438,0.353510895884
2015-09-16 07:15:26.400,3.93,-79.0852132608,17.892843331,1.34830778185,0.43116908037,0.354278874925
2015-09-16 07:15:30.330,4.03,-92.5000005408,12.2296318569,1.36728558883,0.372991047189,0.573255813953
2015-09-16 07:15:34.360,4.02,-92.2825655127,18.2449446895,1.19732481923,0.33397911793,0.727489564699
2015-09-16 07:15:38.380,4.02,-92.7474859803,11.7798016258,1.43444300884,0.414479016072,0.498920086393
2015-09-16 07:15:42.400,3.94,-90.2633374227,13.9631543405,1.43484778816,0.371430670549,0.391252955083
2015-09-16 07:15:46.340,4.02,-94.0383085777,10.951028204,1.34849192491,0.366638104121,0.36636283446
2015-09-16 07:15:50.360,5.61,-87.2590169746,12.3173641425,1.31495096679,0.273267406831,0.756339259691
2015-09-16 07:15:55.970,3.77,-94.9870904284,18.7484970497,1.59058077582,0.420517757021,0.591991038925
2015-09-16 07:15:59.740,3.77,-93.7437287509,10.159254221,1.2155335525,0.355501295085,0.307958477509
2015-09-16 07:16:03.510,3.94,-94.6604959865,14.9520857442,1.2842960164,0.347606391471,0.547382550336
2015-09-16 07:16:07.450,3.93,-90.3051557536,16.7127909596,1.2461749652,0.362300235807,0.507219251337
2015-09-16 07:16:11.380,4.03,-91.453382444,14.2050513134,1.21762722952,0.402980525204,0.418540035362
2015-09-16 07:16:15.410,3.93,-95.5562192232,12.8492792332,1.03806927611,0.394338778867,0.456857855362
2015-09-16 07:16:19.340,4.03,-91.1888520931,16.5686469972,1.37417215863,0.303058411288,0.687606112054
2015-09-16 07:16:23.370,4.02,-93.3193360884,14.7478950553,1.1979253731,0.278630986143,0.463458919655
2015-09-16 07:16:27.390,4.02,-89.2290864011,17.2027739637,1.2889997283,0.38298632375,0.659565217391
2015-09-16 07:16:31.410,6.03,-86.3664779191,7.63147144891,1.32689167611,0.23076947451,0.655706806283
2015-09-16 07:16:37.440,3.94,-93.3663234341,12.6224493656,1.37892822324,0.38080460529,0.401263501121
2015-09-16 07:16:41.380,4.02,-86.9885214565,15.8006318499,1.16938061975,0.344749825511,0.463064833006
2015-09-16 07:16:45.400,3.94,-92.6745638481,23.4363159645,1.07484577876,0.331837271676,0.538056206089
2015-09-16 07:16:49.340,4.02,-90.0195000718,24.7126512255,1.31692874491,0.35036876427,0.727985879584
2015-09-16 07:16:53.360,4.02,-92.9566929603,15.5088364336,1.16628402501,0.269687472291,0.485070199723
2015-09-16 07:16:57.380,4.02,-98.7515574523,20.524602618,1.19179967624,0.33137246744,0.637330754352
2015-09-16 07:17:01.400,3.94,-94.0035968404,25.3406780612,1.21182838672,0.314607505266,0.609425682122
2015-09-16 07:17:05.340,4.02,-94.9580625953,22.4471217742,1.11522425467,0.306773956735,0.540115163148
2015-09-16 07:17:09.360,4.02,-92.9268895285,14.7384879522,1.32797962397,0.31968458968,0.515256855929
2015-09-16 07:17:13.380,6.2,-91.3530445597,11.2176693685,1.17006025007,0.268333361995,0.779791747011
2015-09-16 07:17:19.580,3.94,-80.5709960336,18.5813396729,1.27685905108,0.352666129921,0.623511033001
2015-09-16 07:17:23.520,3.85,-92.6170477767,22.100663488,1.2298019211,0.349932367151,0.714927706135
2015-09-16 07:17:27.370,4.11,-91.8592425353,17.7639737294,1.12246109621,0.410689982765,0.509765625
2015-09-16 07:17:31.480,4.02,-97.6944571889,15.4056574686,1.16656751775,0.353403441348,0.5556640625
2015-09-16 07:17:35.500,3.93,-93.2232312393,21.6420467216,1.15285417202,0.403080823767,0.41857753595
2015-09-16 07:17:39.430,3.94,-83.3694881404,31.3043459627,1.02991259038,0.349619394632,0.53060829136
2015-09-16 07:17:43.370,4.11,-81.055760713,14.6132151521,1.32806364927,0.372876390053,0.463555726957
2015-09-16 07:17:47.480,4.1,-94.2701714797,16.2940532647,1.20185479885,0.306407911022,0.616509524726
2015-09-16 07:17:51.580,4.02,-89.7056922961,19.5183296597,1.17885829204,0.322091935286,0.680154142582
2015-09-16 07:17:55.600,6.12,-92.4403885117,18.7061306945,1.20741939233,0.269619467991,0.857198367981
2015-09-16 07:18:01.720,3.94,-90.4261768221,22.4837457993,1.14500316872,0.41155582152,0.53224857871
2015-09-16 07:18:05.660,4.02,-97.5584311598,19.4838328063,0.994115919616,0.317795952754,0.488463813843
2015-09-16 07:18:09.680,3.94,-86.5677038826,15.2539674366,1.155207968,0.394400364251,0.442246835443
2015-09-16 07:18:13.620,4.1,-94.7256092006,15.2451058478,1.10823119559,0.363504130666,0.370958143226
2015-09-16 07:18:17.720,4.02,-89.185556906,15.4002226598,1.21563572196,0.324911116368,0.561058074781
2015-09-16 07:18:21.740,4.02,-92.0210532033,11.6739934651,1.1531903376,0.352654468954,0.356033452808
2015-09-16 07:18:25.760,3.94,-85.8811056793,18.9822163629,1.16713422204,0.367464601691,0.414434226309
2015-09-16 07:18:29.700,3.94,-96.3218587388,17.4961731614,1.25302493875,0.327035467032,0.532648125756
2015-09-16 07:18:33.640,3.85,-91.4375728809,17.9165161057,1.21480074796,0.324421052809,0.440733197556
2015-09-16 07:18:37.490,5.87,-94.1365443129,10.2378571923,1.24184455742,0.273079340056,0.653822377911
2015-09-16 07:18:43.360,4.02,-86.7192157067,15.0911321827,1.33606225104,0.28991020141,0.448920265781
2015-09-16 07:18:47.380,4.02,-83.9494276941,23.2212342687,0.996119228762,0.402730199235,0.413555787278
2015-09-16 07:18:51.400,3.94,-94.585544654,8.01865337002,1.25279474985,0.284147262573,0.341127348643
2015-09-16 07:18:55.340,4.02,-94.3797115557,20.7701100144,1.01495334758,0.31530065323,0.539473684211
2015-09-16 07:18:59.360,4.02,-99.3265925296,18.0043496576,1.18198964133,0.346048584032,0.475941422594
2015-09-16 07:19:03.380,4.02,-98.1839419763,22.0916322243,0.908573765067,0.313338325984,0.491433347263
2015-09-16 07:19:07.400,4.02,-91.0503600431,13.4013044025,1.16943826723,0.301044082167,0.372136609746
2015-09-16 07:19:11.420,3.94,-94.7174913662,6.50277628196,1.21776041041,0.338892343686,0.262613730356
2015-09-16 07:19:15.360,4.02,-92.872891056,14.7871298326,1.06978855323,0.368870994938,0.351273623665
2015-09-16 07:19:19.380,5.61,-91.9580127858,13.7529627805,1.11987076554,0.263837803281,0.71207177814
2015-09-16 07:19:24.990,4.36,-83.8141533611,16.6177257271,0.9103432161,0.374211658032,0.425888117599
2015-09-16 07:19:29.350,4.02,-76.4628422765,9.67919058809,1.11486057737,0.340304030708,0.160839160839
2015-09-16 07:19:33.370,4.02,-96.1137558995,13.891906875,1.08214314304,0.368386388418,0.385082757176
2015-09-16 07:19:37.390,4.02,-108.49142106,20.337385389,0.98358594363,0.338333400328,0.42314297982
2015-09-16 07:19:41.410,3.94,-101.055524753,23.2725781156,0.947278405204,0.305745444322,0.352
2015-09-16 07:19:45.350,4.11,-101.242582119,25.9120170574,0.936052456969,0.294044882132,0.512525389303
2015-09-16 07:19:49.460,4.02,-100.226769644,16.6801374666,1.00685423286,0.369177825415,0.575599818923
2015-09-16 07:19:53.480,3.52,-92.832191392,34.2410426002,0.943437489596,0.282025642016,0.532461573755
2015-09-16 07:19:57.000,4.44,-98.0600427747,14.5971839056,1.08243817682,0.34012303159,0.482662322551
2015-09-16 07:20:01.440,5.94,-92.9161284582,12.2701137186,1.18679976222,0.261667501244,0.798329355609
2015-09-16 07:20:07.380,4.11,-88.1686356359,20.9240688633,1.09871773824,0.314707622621,0.57546705998
2015-09-16 07:20:11.490,4.02,-96.7472664607,12.3895895232,1.16161944261,0.3061520223,0.511721704058
2015-09-16 07:20:15.510,3.94,-102.019255298,21.5582819273,1.00284572785,0.261828681539,0.52534562212
2015-09-16 07:20:19.450,4.02,-101.81820188,16.3761603446,1.07417759018,0.293673152354,0.445401570813
2015-09-16 07:20:23.470,4.02,-80.1970733786,23.3370789095,1.12354613062,0.309737226856,0.608996539792
2015-09-16 07:20:27.490,3.94,-99.6287536539,16.8549425029,1.24319616308,0.294081723024,0.735785953177
2015-09-16 07:20:31.430,3.94,-96.0940413151,20.4669542196,1.10312912065,0.268506973528,0.627981651376
2015-09-16 07:20:35.370,4.02,-99.7088066455,15.6244446625,1.19802773888,0.302037552221,0.535161432994
2015-09-16 07:20:39.390,4.02,-89.535044857,24.2962686117,1.25029585255,0.261912328094,0.594833153929
2015-09-16 07:20:43.410,6.2,-95.5701916651,12.8289040255,1.2509760549,0.202960641153,0.687708333333
2015-09-16 07:20:49.610,3.94,-101.525927243,16.392215399,1.20521208962,0.34465245184,0.568510111432
2015-09-16 07:20:53.550,3.93,-99.1808221922,16.04049547,1.07352363548,0.301091573924,0.641339869281
2015-09-16 07:20:57.480,4.02,-94.9483885716,22.5632236072,1.19280067842,0.302105460001,0.673041709054
2015-09-16 07:21:01.500,3.94,-84.8325718412,29.7615255039,1.1396692489,0.3318042622,0.628166160081
2015-09-16 07:21:05.440,3.94,-95.1597290956,12.5297439027,1.19088252789,0.317480842474,0.522529804001
