,_frac_optflow_ok,_frac_optflow_ok_ica,_phi,_phi_err,_velo_eff,_velo_eff_err
2015-09-16 07:06:42.370,0.8026315789473684,0.8009946042232668,6016.871313399967,878.4641775535276,3.5183781280733384,0.46515552477995487
2015-09-16 07:06:54.770,0.3125,0.304584457611009,4233.722815693982,524.3204113451819,2.448480175825153,0.2757820985390122
2015-09-16 07:06:58.620,0.5620915032679739,0.6058474054063048,4111.887326928463,644.4745014367355,2.5940791647765504,0.3689493892153642
2015-09-16 07:07:02.480,0.4642857142857143,0.46899976172857016,4500.852784272343,1215.804077817778,2.5607064950489837,0.6644843434424959
2015-09-16 07:07:06.330,0.6845238095238095,0.7685362665834464,4615.781436829761,761.5443610663687,2.6921297899758563,0.4199017963028317
2015-09-16 07:07:10.350,0.6666666666666667,0.7019810733063626,5081.998735160475,836.2656001686892,2.9841536881036803,0.4883044463457197
2015-09-16 07:07:14.370,0.7151898734177216,0.6764055823389292,4237.336409158358,806.7163992013823,2.609452736494329,0.4723095242637223
2015-09-16 07:07:18.400,0.711764705882353,0.7882797182582701,4462.935702751653,741.1978967882004,2.7935587772825685,0.45682058925222274
2015-09-16 07:07:22.330,0.6707317073170731,0.817608558409658,4640.715359506592,816.3387922681264,3.087907298309443,0.553324188827524
2015-09-16 07:07:26.350,0.7348066298342542,0.8531725315658725,4962.629435631999,777.2789127268936,3.384194944754208,0.47267890888758224
2015-09-16 07:07:30.380,0.8908045977011494,0.993827349519137,4970.869013102829,807.195801075064,3.7616053993146563,0.5026283076670445
2015-09-16 07:07:36.320,0.7547169811320755,0.796781531231485,5445.811515977373,855.9454474830973,3.827090400174384,0.5463716162153965
2015-09-16 07:07:40.350,0.8505747126436781,0.8542593395751636,6617.116954734863,1127.9195502786972,3.756945262774614,0.6068720289668333
2015-09-16 07:07:44.370,0.9142857142857143,0.940418519206101,7143.583146844007,1066.9769818867173,3.800587616265194,0.5574772175011906
2015-09-16 07:07:48.390,0.8121546961325967,0.8686503010340546,7579.749838173581,1243.6486111235363,3.76303077716421,0.6313216330393939
2015-09-16 07:07:52.330,0.6628571428571428,0.634491139946995,5803.581711716646,1038.9376739307081,3.1237003181117284,0.5102091420760405
2015-09-16 07:07:56.350,0.7150837988826816,0.6246133052881534,6602.178955073314,1042.5602658998896,3.566111335756982,0.5234573989280735
2015-09-16 07:08:00.370,0.6593406593406593,0.7073595411562195,6023.786072796703,1325.3457541589332,3.0563598034319828,0.6859720267108204
2015-09-16 07:08:04.390,0.8602150537634409,0.880510456481554,6101.0735770850315,1041.5073558747565,3.153195026468409,0.5135555001397681
2015-09-16 07:08:08.330,0.6470588235294117,0.6918926786624253,5360.760919848289,995.9201779277467,2.8017413200625225,0.5044052204408174
2015-09-16 07:08:12.350,0.6573033707865168,0.7065195406352258,5486.93336128588,823.8817241643595,3.068470412353463,0.42813208215136345
2015-09-16 07:08:17.960,0.7231638418079096,0.7797989904581268,4171.617802631512,693.7557376544737,2.6415697392184496,0.4134167116567182
2015-09-16 07:08:21.810,0.9540229885057472,0.9445561026969886,4332.961813880269,735.9920574575048,3.043608289855793,0.45884532440461073
2015-09-16 07:08:25.750,0.6206896551724138,0.6074585960363691,4279.837407886626,699.8748484263441,2.8952672260660104,0.44205313744866953
2015-09-16 07:08:29.610,0.718232044198895,0.8219132344088963,3217.72907660987,680.564203119439,2.1813432826588466,0.48470996541392875
2015-09-16 07:08:33.540,0.6610169491525424,0.6632520665355652,3553.782208563302,664.8043921738655,2.5206789141056625,0.4405121098392521
2015-09-16 07:08:37.480,0.7803468208092486,0.8467612395144261,4024.3981868472465,707.381536959445,3.1915229440030712,0.5111220137997174
2015-09-16 07:08:41.330,0.8035714285714286,0.8589610085461445,3542.440467891422,586.4690054754038,2.789952767824565,0.4256667419088135
2015-09-16 07:08:45.360,0.611764705882353,0.6527756887525625,3866.2332037076453,458.21380071437807,2.9837009311862897,0.27379843839121243
2015-09-16 07:08:49.380,0.5568181818181819,0.7146291538780803,4373.355057096361,625.996904273767,3.33831366493491,0.39677325098430155
2015-09-16 07:08:53.310,0.72,0.8617478823151868,4628.382778108113,656.0850041728291,3.473807084694635,0.3751711651470206
2015-09-16 07:08:59.350,0.6746987951807228,0.7748587142727422,4409.786832099995,681.9781703427085,3.556507525801727,0.48146292100538424
2015-09-16 07:09:03.370,0.6477272727272727,0.7102777416417552,5552.6539937374455,1019.0900169998264,3.8716110006640942,0.7058273784492148
2015-09-16 07:09:07.390,0.6842105263157895,0.7290805361085514,4762.996852470131,606.3343890790064,3.390489924022772,0.34797133430760036
2015-09-16 07:09:11.330,0.751412429378531,0.7947861965693567,5448.444938046763,1163.3216374876063,3.5285156943739557,0.7329831605868576
2015-09-16 07:09:15.350,0.56,0.5340015911705197,4529.525379711345,946.423538402182,2.8726541489118627,0.5603586606733953
2015-09-16 07:09:19.370,0.6395348837209303,0.6081205370343193,5271.795586818484,803.710362423142,3.0743132376833473,0.44335852153402827
2015-09-16 07:09:23.390,0.7235294117647059,0.7589469245761717,5364.860840788738,732.4086263482534,3.2159742147719967,0.39656792429308896
2015-09-16 07:09:27.330,0.7167630057803468,0.6820766225757112,4549.953106733611,703.7178976868277,2.8105232098068296,0.39541286699765493
2015-09-16 07:09:31.350,0.7758620689655172,0.8200766126343423,5522.347541194493,875.935947110309,3.3398678546328195,0.49982278695672355
2015-09-16 07:09:35.370,0.8011695906432749,0.838749886073808,5823.449432213804,1002.6405483055918,3.478760390841122,0.5766628027693301
2015-09-16 07:09:40.980,0.7426900584795322,0.6731031991945801,5133.184231579045,1006.7800966253667,3.125244685836853,0.5442024035196014
2015-09-16 07:09:44.920,0.8143712574850299,0.8843198510258926,5702.507432910313,864.1537482167087,3.239012396669191,0.4894293003197193
2015-09-16 07:09:48.770,0.8875739644970414,0.9495226624469931,6204.222594962603,933.9657792555729,3.5092809951929613,0.5415430936648448
2015-09-16 07:09:52.630,0.6759776536312849,0.859727615350582,6126.8172986759455,857.0299666551691,3.5491166136553383,0.4591967767851517
2015-09-16 07:09:56.480,0.705521472392638,0.7293038272549852,4324.382052487786,650.0797002409525,3.0264329940160084,0.4178095526499332
2015-09-16 07:10:00.340,0.7028571428571428,0.9082120123270484,4239.011749101519,671.2159876113592,2.951160991750754,0.407377409431585
2015-09-16 07:10:04.360,0.6363636363636364,0.7823168389961922,5622.2738132289805,849.6914082258343,3.6299123809357865,0.5423716042641874
2015-09-16 07:10:08.380,0.5838150289017341,0.5322013473269422,5310.5310313012305,671.4623830936349,3.4641665030091664,0.4089948557907728
2015-09-16 07:10:12.400,0.5875,0.4731417122306486,4468.630732223168,636.0095855433688,3.1869040655802205,0.42720972196428325
2015-09-16 07:10:16.340,0.7987421383647799,0.7608694705198402,5042.2619173103285,731.8155161425128,3.662302302754796,0.49860786667432716
2015-09-16 07:10:22.540,0.632183908045977,0.4496031054304801,3902.4802627056893,648.3573190599935,3.032979616415945,0.4419348427480359
2015-09-16 07:10:26.390,0.7865853658536586,0.6422061276698565,4746.111046203337,727.6100451516811,3.6020953090871277,0.5110670914184978
2015-09-16 07:10:30.330,0.6256983240223464,0.46083928534609786,4582.689505385066,582.4817003732978,3.0197342853628104,0.37260949878538024
2015-09-16 07:10:34.350,0.6666666666666667,0.5967558472714252,4594.246351350302,718.2587356202579,2.9646847989652545,0.42846014786087055
2015-09-16 07:10:38.370,0.6353591160220995,0.5454712161475872,4978.4011618173745,651.8276705056231,3.045595052613861,0.3682440514397238
2015-09-16 07:10:42.390,0.7028571428571428,0.5596606226126434,5170.410098401255,882.9386667595979,3.219726922915311,0.47949190662872687
2015-09-16 07:10:46.330,0.7307692307692308,0.6332465594278165,4781.7973944092155,942.1232154485114,2.8923133488373147,0.4884356176460584
2015-09-16 07:10:50.350,0.699421965317919,0.6629597074488492,5534.52636618645,819.1280221977486,3.13652708233756,0.4421743501854163
2015-09-16 07:10:54.370,0.547486033519553,0.4056655134173404,4054.5062014737236,1053.5958344132116,2.2868911650005344,0.5075988864501532
2015-09-16 07:10:58.390,0.7696629213483146,0.6982455856498028,5919.986402063994,977.2809368187393,3.2394331410002426,0.4939035946653715
2015-09-16 07:11:04.340,0.7717391304347826,0.7556047859264939,5536.684494400706,835.8648685983762,2.81147471904513,0.40819209938076206
2015-09-16 07:11:08.370,0.7078651685393258,0.6199940560014618,5610.430180664267,1208.2239290368273,3.0449763069149314,0.5817615614001247
2015-09-16 07:11:12.380,0.5668449197860963,0.4722460576107253,6491.076120742069,1215.4720449445947,3.3374093415920205,0.5872155471287449
2015-09-16 07:11:16.410,0.8212290502793296,0.8485710418478181,5978.3180190650655,956.1949110555844,3.390760486043551,0.5054516231144353
2015-09-16 07:11:20.340,0.5136612021857924,0.389930721636196,6480.47534392371,712.6589460199348,3.556386760927256,0.3714655782946604
2015-09-16 07:11:24.360,0.8306010928961749,0.8186843549702172,6957.779388360143,1105.2538586984729,3.7037012712779376,0.5388167415699333
2015-09-16 07:11:28.390,0.5561497326203209,0.47828055931172475,7040.012632825988,1047.6978399524537,3.5529541749121227,0.4894003123577867
2015-09-16 07:11:32.410,0.6844919786096257,0.584839749787821,6577.775658488201,1184.9192696641987,3.1635754275628383,0.5368153042349272
2015-09-16 07:11:36.350,0.7647058823529411,0.7691504056590763,7368.60965025177,1245.2174388908008,3.397214822580764,0.5477499045281314
2015-09-16 07:11:40.370,0.7379679144385027,0.707271598029219,7488.292503157162,1276.3347730416183,3.3655613751540026,0.5433304770974156
2015-09-16 07:11:45.900,0.5775401069518716,0.5738674561824645,7432.194900849209,1046.9189038353836,3.253759054104523,0.43622191098915475
2015-09-16 07:11:49.750,0.6844919786096257,0.780063947674039,7265.305645703484,1160.6444907243172,3.3067662488826493,0.5212881257586768
2015-09-16 07:11:53.600,0.7433155080213903,0.7120657149070662,7394.113538516358,1266.7154225244706,3.3508439908624084,0.5440610388288384
2015-09-16 07:11:57.460,0.8342245989304813,0.7942735828181865,6956.647768939483,1163.6364753808214,3.27843947558548,0.5157999984072497
2015-09-16 07:12:01.390,0.679144385026738,0.6300697894495066,6332.785983456537,965.0053084288792,3.044348198606067,0.44221043703958685
2015-09-16 07:12:05.330,0.7058823529411764,0.6412465549061142,5473.311414132732,786.8528348784932,2.736470002710336,0.3685445223349832
2015-09-16 07:12:09.350,0.7956989247311828,0.7485652967136269,6592.388689572098,1136.46923033546,3.36678808524942,0.5463267483182536
2015-09-16 07:12:13.370,0.7096774193548387,0.6736633568949895,6032.40183064303,1006.5359754645576,3.3199122555036236,0.5124290313574377
2015-09-16 07:12:17.400,0.6898395721925134,0.6026315498059615,5319.939758731688,1047.2586514372547,2.8859894411387352,0.5008750306936832
2015-09-16 07:12:21.330,0.9086021505376344,0.8546223308097339,6763.9216269262115,1079.1210143620965,3.482883395207396,0.5257558468382465
2015-09-16 07:12:27.370,0.6684491978609626,0.6770895205261808,6707.980696769317,1353.491964317596,3.3682344942897466,0.6601735862650652
2015-09-16 07:12:31.390,0.8181818181818181,0.7646757520445995,5377.4853362827835,912.2256752301635,2.8521238713113033,0.44480580377925827
2015-09-16 07:12:35.320,0.7807486631016043,0.730920172708221,6583.008139873062,1034.2707800198273,3.368918749295392,0.5101849095295575
2015-09-16 07:12:39.340,0.679144385026738,0.5895878322720777,6544.458683500807,834.8267418978938,3.4666440063933686,0.42946129387021187
2015-09-16 07:12:43.370,0.8181818181818181,0.798972255448006,6258.084400404496,958.3499180754828,3.3069082201547073,0.46900367697450895
2015-09-16 07:12:47.390,0.679144385026738,0.7029919696256076,6757.2891376195785,948.4560022522219,3.3551489770374343,0.44454098796046415
2015-09-16 07:12:51.320,0.7433155080213903,0.8152191569918333,6873.708717209515,1032.5141584583796,3.398667191235794,0.47481598967239685
2015-09-16 07:12:55.350,0.8556149732620321,0.9056880807202672,7949.515027469256,1271.1891305231816,3.9067648370416492,0.6048233434912194
2015-09-16 07:12:59.370,0.8288770053475936,0.8696038329422655,7625.830823103796,1158.428557291354,3.72682839362052,0.5444282906680029
2015-09-16 07:13:03.390,0.8556149732620321,0.8658786836877259,8464.697124688631,1301.6775542796574,4.084143369875643,0.5929169248762083
2015-09-16 07:13:09.000,0.6096256684491979,0.5772323516146277,7273.842259176397,984.0407012616745,3.432281803646702,0.4440852200763598
2015-09-16 07:13:12.860,0.7486631016042781,0.6923738719525052,7646.920574884244,1265.7632504348646,3.7473380781433496,0.5822801562930513
2015-09-16 07:13:16.790,0.7580645161290323,0.7404906157020534,6683.048898258856,1090.359502114431,3.4880082062166817,0.531653131552667
2015-09-16 07:13:20.810,0.7282608695652174,0.7146940213447426,6698.718758584596,997.8737388682322,3.386921406190423,0.47366524177717617
2015-09-16 07:13:24.670,0.5621621621621622,0.5320425012078098,7321.007353062332,1078.7220129398627,3.640743604426529,0.5075323553218967
2015-09-16 07:13:28.610,0.5989010989010989,0.5249962849984747,6678.2167320812,1044.2954821617263,3.302877017620722,0.49356213273098315
2015-09-16 07:13:32.460,0.6612021857923498,0.6465476485088533,6230.447632655358,1183.3576926565909,3.0947229312623863,0.5620546004032638
2015-09-16 07:13:36.400,0.6685714285714286,0.596204183191168,6639.7663351466845,958.0207589331452,3.3515665856235164,0.47780483593450396
2015-09-16 07:13:40.340,0.6721311475409837,0.5909222293394933,7144.390168261217,1079.5990717244913,3.585820971764275,0.5236230433501614
2015-09-16 07:13:44.360,0.8287292817679558,0.7830501871274902,6916.5017549171935,980.0597488592317,3.6880658725103834,0.5069346382623238
2015-09-16 07:13:49.970,0.7333333333333334,0.6569296128692801,6605.814740413135,1188.8628797090732,3.5589196429178096,0.5985259880463563
2015-09-16 07:13:54.330,0.5913978494623655,0.5348029804729035,6806.281031313067,943.0403785907667,3.4268092115871465,0.4514829906509614
2015-09-16 07:13:58.350,0.6864864864864865,0.5929594737534165,5305.492556617987,845.9623929698015,2.9046901588046854,0.42363473285493963
2015-09-16 07:14:02.370,0.5989010989010989,0.5563676706135351,7075.781762987536,949.9368521169608,3.8910731458093593,0.47819670714677615
2015-09-16 07:14:06.390,0.5384615384615384,0.423193866835733,6994.266544897182,802.6272915318322,3.7934791073898486,0.42178758118131804
2015-09-16 07:14:10.580,0.6033519553072626,0.45781768938320455,5592.8539206137375,1098.6935300441448,3.1656998006444894,0.562440449605378
2015-09-16 07:14:14.430,0.8279569892473118,0.8326167417497833,5894.541915795194,939.0203360448952,3.5145833342395987,0.5038695507115706
2015-09-16 07:14:18.370,0.8152173913043479,0.7621342326637004,7050.878871709099,1064.8712462760855,4.18312474254844,0.5882893530934269
2015-09-16 07:14:22.390,0.8135593220338984,0.7928479144615905,6075.9746264687,939.827994912712,3.8636190334562066,0.5496844364481227
2015-09-16 07:14:26.330,0.7717391304347826,0.9102924215880195,6563.320749759686,1031.0819447932292,4.139448224886478,0.5606907464660474
2015-09-16 07:14:32.440,0.7747252747252747,0.7669192947695737,5082.4897269170015,794.5911933821815,3.589129504849993,0.5048367326149095
2015-09-16 07:14:36.380,0.5,0.5561049340800185,6393.388014362422,782.8728672846454,4.496168947461805,0.4535597404071285
2015-09-16 07:14:40.400,0.8,0.8876389919628168,5525.066894292977,860.4156339821775,4.207330455013178,0.5713371556323356
2015-09-16 07:14:44.340,0.7325581395348837,0.7140843077063849,6131.44921672196,888.4049513007342,4.632054482481316,0.6077697075363939
2015-09-16 07:14:48.360,0.6222222222222222,0.6360093886282443,5647.896738056887,912.9159731634782,3.9659728898666002,0.591936098825236
2015-09-16 07:14:52.380,0.6704545454545454,0.6866513665375252,4935.452928820952,737.0711923338333,3.4183299345598117,0.4791379774392723
2015-09-16 07:14:56.320,0.680473372781065,0.6715421076403149,5672.942340673173,818.263749006039,4.240385949530029,0.5717359485189066
2015-09-16 07:15:00.340,0.5617977528089888,0.4716500421844068,5236.68830167059,593.226075770148,4.094473463470539,0.4240206014045975
2015-09-16 07:15:04.360,0.4682080924855492,0.35431980239050653,5026.981476766196,561.577703818199,4.355696962323622,0.41682131843485287
2015-09-16 07:15:08.380,0.6101694915254237,0.6783823447009957,5260.12383984081,761.9303707694153,4.308164987099667,0.5107152104349241
2015-09-16 07:15:14.330,0.5508982035928144,0.5548841440762651,4489.929311194025,633.5297646968779,3.796460969972592,0.44284608941211123
2015-09-16 07:15:18.350,0.7393939393939394,0.7652657348504492,5317.046115171176,805.6525620577222,4.547444935390083,0.5789292058183769
2015-09-16 07:15:22.380,0.5843373493975903,0.5463878389239191,6798.643121680808,870.6440764385783,5.137877565534798,0.579198834498946
2015-09-16 07:15:26.400,0.7267441860465116,0.7383925781011377,5809.80706136743,952.3900523026473,4.457387675992564,0.6275164284896906
2015-09-16 07:15:30.330,0.7777777777777778,0.7742429760282499,5834.3712065254,996.7690996100339,4.436107712739821,0.6644981015428488
2015-09-16 07:15:34.360,0.8352941176470589,0.8849593957750386,6178.361729933983,1016.2505983888094,4.388809038849915,0.6279273179360418
2015-09-16 07:15:38.380,0.7428571428571429,0.8202138689752192,6380.0034407195135,1020.3944858948171,3.9308893082131426,0.5626227267666132
2015-09-16 07:15:42.400,0.8131868131868132,0.8564810937317714,6333.055696479043,1234.980637958739,3.4808479008123214,0.6794048750123409
2015-09-16 07:15:46.340,0.4725274725274725,0.4517189708221946,7675.419175021593,1026.8107421152527,4.326730500326734,0.53201233653934
2015-09-16 07:15:50.360,0.772972972972973,0.7687552969788078,6332.678883193512,1134.1783788353036,3.495047974534206,0.5791494834563731
2015-09-16 07:15:55.970,0.6534090909090908,0.6776305332222636,7523.833900655659,1470.3623218000264,3.875542946159973,0.7461412523467602
2015-09-16 07:15:59.740,0.6179775280898876,0.5218489193408989,8407.019917644113,1265.9234253047466,4.158271882562842,0.5875072910278367
2015-09-16 07:16:03.510,0.5833333333333333,0.46436939773942576,9740.58108368591,1684.9124187460632,4.698804249571361,0.7446125380177541
2015-09-16 07:16:07.450,0.6145251396648045,0.722339902812644,7726.121513402724,1488.9655362015008,3.676323454181479,0.7601639210632687
2015-09-16 07:16:11.380,0.7391304347826086,0.7750871724605907,8473.085962475909,1416.7234226676553,3.723194850588483,0.6219407359674095
2015-09-16 07:16:15.410,0.5222222222222221,0.5789418450276982,8177.664873804353,1386.8612950720674,4.004784310491248,0.6629276909982417
2015-09-16 07:16:19.340,0.6187845303867403,0.6052626125522585,8248.755362443659,1617.018216134201,4.121830126078144,0.7679158213949979
2015-09-16 07:16:23.370,0.625,0.6530729083339942,8355.136448377194,898.768677559642,4.073997683975216,0.38193728287267653
2015-09-16 07:16:27.390,0.4565217391304348,0.44708578713896424,8052.402415138615,1121.6442853210692,3.969194489202495,0.51537729902885
2015-09-16 07:16:31.410,0.702247191011236,0.7083750680558848,7375.374576153105,1188.4802506206204,3.829786497242615,0.5820738167511548
2015-09-16 07:16:37.440,0.764367816091954,0.6996426078120404,7969.828053731225,1382.188731328301,4.145900211922879,0.6673362158499183
2015-09-16 07:16:41.380,0.6739130434782609,0.6585430440769394,9036.137493389446,1535.2924969745218,4.493016711265264,0.7161074702240656
2015-09-16 07:16:45.400,0.6611111111111111,0.5511724569344106,9637.470885184657,1890.4872597064855,4.709650006818118,0.8333895750502971
2015-09-16 07:16:49.340,0.7567567567567568,0.7127652946746017,8137.765833440528,1537.862344568598,4.003618025655228,0.6960125337852053
2015-09-16 07:16:53.360,0.575268817204301,0.5228885970356756,8046.482903094674,1481.215997590725,4.019290650045105,0.6888965919223624
2015-09-16 07:16:57.380,0.6344086021505376,0.6716447400866667,7949.057239532727,1378.0432337307143,3.7353410814857093,0.6279554862173596
2015-09-16 07:17:01.400,0.732620320855615,0.7327209886425221,7404.3223104421295,1398.2685803593627,3.4991775346235325,0.6222700595486143
2015-09-16 07:17:05.340,0.6096256684491979,0.6503831802224765,8053.072765137573,1367.9668292918182,3.7709412576461094,0.6139499899769961
2015-09-16 07:17:09.360,0.5294117647058824,0.5106162072797603,7428.341861054196,937.9748413466793,3.6305957963914897,0.41915000651688017
2015-09-16 07:17:13.380,0.6631016042780749,0.7476323813102955,8182.078485219637,1172.3865065674465,3.834630463240728,0.49098160654196765
2015-09-16 07:17:19.580,0.7005347593582888,0.7146872806001232,7588.146103777413,1199.6764602722187,3.732481292249971,0.5592515918941897
2015-09-16 07:17:23.520,0.6363636363636364,0.573930349378829,6587.273622319672,1211.5082978889934,3.368736953111147,0.5772775096251788
2015-09-16 07:17:27.370,0.6577540106951871,0.5821769207958918,8318.307730586052,1381.5218240650315,3.9417413115985345,0.6244856860490178
2015-09-16 07:17:31.480,0.5614973262032086,0.5259325491061236,6597.713674576031,928.4000468287283,3.195681198810562,0.4167846274398416
2015-09-16 07:17:35.500,0.6096256684491979,0.6163542023380878,6812.489670297613,1129.3819825583878,3.3442880835828803,0.5173176174753876
2015-09-16 07:17:39.430,0.5561497326203209,0.4648597496597471,7600.18911944764,1222.7359865323808,3.8584838311414864,0.5766898781902715
2015-09-16 07:17:43.370,0.5935828877005347,0.49750402675321526,7067.011645154021,1163.9855481801121,3.6608504792296173,0.5575900767284822
2015-09-16 07:17:47.480,0.5133689839572193,0.38660346112405375,6925.395684648214,1085.7527054733127,3.4375529898574384,0.506187218317937
2015-09-16 07:17:51.580,0.5240641711229946,0.47784124973379827,7456.5764739135875,1011.7936230988852,4.0824112059677,0.5198608300417281
2015-09-16 07:17:55.600,0.7914438502673797,0.6526053674458923,6888.975622797816,910.6160593437677,3.682979272191201,0.48297225456834336
2015-09-16 07:18:01.720,0.8556149732620321,0.8629316420885604,7257.122211911458,1078.6087659252305,3.9424368077266627,0.5453122256977371
2015-09-16 07:18:05.660,0.7379679144385027,0.7611229111581964,7494.731410665187,1362.9901209424893,4.205706209635794,0.7216697218467862
2015-09-16 07:18:09.680,0.7058823529411764,0.7338757741327326,6359.65788204698,959.4198665052985,3.428778584660836,0.49050674329347127
2015-09-16 07:18:13.620,0.5828877005347594,0.61492096224812,7736.863830752441,1051.5192710140382,4.117039031971929,0.5188770086512272
2015-09-16 07:18:17.720,0.7005347593582888,0.7260512914654346,5584.162875677897,834.683513728198,3.175171977394945,0.4419656294627465
2015-09-16 07:18:21.740,0.5561497326203209,0.6417330522104818,7122.297632557333,969.1389907705029,4.340803531841387,0.5416496255720261
2015-09-16 07:18:25.760,0.6935483870967742,0.7273238319633636,5700.136549100914,1141.003598209481,3.734803421315689,0.7531581095772903
2015-09-16 07:18:29.700,0.8021390374331551,0.8127736774230441,5019.84307478616,811.9977503915704,3.2454635549821886,0.5044736836018621
2015-09-16 07:18:33.640,0.6318681318681318,0.6583775900200286,4413.252808843252,748.7453113742332,2.910741824790576,0.49333368813613415
2015-09-16 07:18:37.490,0.6108108108108108,0.7899175062659195,6022.088409434342,934.5991614741575,4.027998695822925,0.5782375993075497
2015-09-16 07:18:43.360,0.8956043956043956,0.8830540074282037,4789.6581447186645,824.3701019590015,3.429689900562094,0.5314119391187729
2015-09-16 07:18:47.380,0.8131868131868132,0.9100541269262762,5961.731557189774,917.5051367399495,4.102666853654765,0.6139922675384122
2015-09-16 07:18:51.400,0.7213114754098361,0.8582434394109513,5564.388247099247,838.5522393935469,3.8516331049823846,0.5585875017203005
2015-09-16 07:18:55.340,0.622093023255814,0.8060134580747289,4874.581347952181,694.0934510515626,3.6645687868427506,0.45337412692301665
2015-09-16 07:18:59.360,0.5813953488372092,0.7560303031753024,5288.813035416564,752.2683175955448,4.128023256577071,0.4996584234669648
2015-09-16 07:19:03.380,0.47976878612716767,0.5487830875095225,4466.786231172635,761.8666699375344,3.4832353653939365,0.587506191016591
2015-09-16 07:19:07.400,0.718562874251497,0.8988577572794516,5295.863753014811,864.7877885554254,4.315121640025033,0.6571182589852148
2015-09-16 07:19:11.420,0.5317919075144508,0.7263960930185569,4851.51509298247,717.7569619256899,3.839130450777191,0.47808348035025106
2015-09-16 07:19:15.360,0.7277777777777779,0.8254218536334432,4504.162077287618,705.2842919216318,3.495482636862064,0.4969274260658842
2015-09-16 07:19:19.380,0.6011904761904762,0.7769977639182885,4817.623875612057,706.7345166914025,3.958319905587864,0.47177570067636576
2015-09-16 07:19:24.990,0.5649717514124294,0.7430589552056284,4293.298031138898,843.2229822926423,3.635384150905102,0.7583435799620389
2015-09-16 07:19:29.350,0.7183908045977012,0.8656129399567861,5231.328509665662,843.791144545299,4.457373690283138,0.6392273582715069
2015-09-16 07:19:33.370,0.5942857142857143,0.7050478663361802,4504.519029236219,791.7279653416618,3.69273564502621,0.6302659450774614
2015-09-16 07:19:37.390,0.8520710059171598,0.8725139705152194,4445.026242245557,810.6699879438538,3.712077324328714,0.6396389179318133
2015-09-16 07:19:41.410,0.631578947368421,0.7919826450118943,5215.454793725452,808.5799863206043,3.9250040654610583,0.5316659407863786
2015-09-16 07:19:45.350,0.7485029940119761,0.8340679380219532,5717.475403237402,1014.3646691557636,3.946421888726519,0.7029900888990704
2015-09-16 07:19:49.460,0.7555555555555555,0.8132934452113346,5809.310340626217,1016.982120062655,3.625869505958499,0.6188331398179975
2015-09-16 07:19:53.480,0.5649717514124294,0.49036002181848676,4570.1189636670415,932.522294733942,2.999015764568307,0.5619152812328775
2015-09-16 07:19:57.000,0.6666666666666667,0.7060754085442602,10414.82299918771,1556.3672069937609,6.317409001471445,0.8556843288965236
2015-09-16 07:20:01.440,0.5666666666666667,0.5472221894740792,3032.1407549964033,781.377888548785,1.8952025435646938,0.4768271870080808
2015-09-16 07:20:07.380,0.6949152542372881,0.757629917673158,4396.51686796575,738.2381764253022,2.776349066315221,0.4519169539431546
2015-09-16 07:20:11.490,0.6740331491712708,0.7033938263557166,4268.769861836128,800.5369221317579,2.6604521967395733,0.5009822562928158
2015-09-16 07:20:15.510,0.4719101123595506,0.5718149717421657,4679.452210414064,836.524090586827,3.185930767154341,0.5665436705695764
2015-09-16 07:20:19.450,0.4565217391304348,0.49033911699913263,3670.502021452593,846.6694606096461,2.5491498686858827,0.5727864538837579
2015-09-16 07:20:23.470,0.7068965517241379,0.6958495354476077,3707.8872034173864,742.9267706315188,2.748846268639677,0.5203724173346703
2015-09-16 07:20:27.490,0.6629213483146068,0.6071253714508938,3651.3243073399817,621.9207056686432,2.7744339061037175,0.4227641060912092
2015-09-16 07:20:31.430,0.6114285714285714,0.5832920747102484,3290.3009740247444,601.189244354026,2.4486554936278937,0.4207007813845639
2015-09-16 07:20:35.370,0.7303370786516854,0.7299976186365682,3783.3090082271983,611.1433292061138,2.882697114983941,0.42013968109794136
2015-09-16 07:20:39.390,0.5172413793103448,0.4467471119789324,3890.454991462508,910.9302556551863,3.015676528470185,0.6506326777932709
2015-09-16 07:20:43.410,0.7965116279069767,0.8306760399442898,3606.924292081961,665.16259754745,3.0823602882332124,0.5154148562193424
2015-09-16 07:20:49.610,0.6390532544378698,0.5922879805654896,4715.254993681456,733.9844354878397,3.630446348283583,0.5205939524298188
2015-09-16 07:20:53.550,0.5740740740740741,0.5277593365006181,3568.271758929697,690.8404226572233,3.0823951101737026,0.533386117748834
2015-09-16 07:20:57.480,0.43529411764705883,0.37636789207979915,3191.79090222632,727.2247021110065,2.3878371102665508,0.5058751516916287
2015-09-16 07:21:01.500,0.6529411764705882,0.6030552977893512,3614.6251153692124,662.2843831964294,2.839629257001808,0.47226977455876323
2015-09-16 07:21:05.440,0.3291925465838509,0.2281020510721358,3196.9351285569783,795.7343499772762,2.9109710048138426,0.6519942038805145
2015-09-16 07:21:09.380,0.5730994152046784,0.5666144843161305,3407.7774419110083,561.9067893953147,2.8155420211645943,0.4277028691708245
2015-09-16 07:21:13.400,0.6956521739130435,0.5941962765509188,2575.0257139351966,769.2640653435171,2.511865838627032,0.6202060352095291
